558509646
848656999
464905156
911431367
112190402
357143616
418855567
201690337
743095134
284472544
252269931
575530962
806151481
950405279
766131055
885346192
374591788
301774312
631844358
442426077
645550215
910299051
499806227
865014575
487259372
144538017
406591681
756242561
843871145
880389718
783752355
966993372
832744474
166021201
892735445
509319530
61110105
468450631
96606218
726984635
921791777
986237968
662548905
117918011
502085767
910064459
840005523
141204048
436528817
202618581
913845100
887795405
580718771
118098559
521085012
553902685
114968764
137671964
79816521
203389924
328799439
92747842
930457671
589237005
499897351
925382689
701850367
788144651
950996025
538526550
230315611
484025431
633264978
300368828
823581714
803147092
318518872
561502955
337070477
590106875
763565561
183280341
357128913
513180770
15686104
398525940
990057666
378194869
313527017
894274724
155473872
186749007
229751984
3596483
935385451
788978374
549563121
387547351
606764721
626975292
