319511764
129635963
568082796
968127885
490976069
98250450
385998712
397259564
314223833
639608123
545592291
384545261
597159862
446938339
398313289
993539706
416554646
300143765
603671464
401273931
897786198
769089690
640196607
995156152
264928207
769124153
13778535
819831699
17764413
31085375
248752644
152733053
749563413
427926747
692491397
314291166
619089090
378461858
357060621
475238041
626402248
561457702
735427587
832716230
599910922
734718842
823450845
955850828
758095553
554523354
70076985
655070250
758173956
277872592
646110361
817027370
978742476
525976303
40084888
691958373
75405140
808975476
540262474
358288161
134473908
787335461
154006964
54777026
347721246
277379555
480378079
693848571
182834608
882873520
340509511
399141890
784433500
177929694
231662544
296467664
728942197
25898006
393336778
454752015
708946923
668761469
528182640
953914886
104677875
148887471
433220005
206124923
581006107
506035399
650523147
455583563
985352719
519234182
335332955
952125431
499521400
66240232
408653176
948517778
573279499
549157826
412451374
954160975
726513160
202361673
441821664
598130467
710268535
95595597
887437298
144036235
350873347
188401478
792007862
277579103
689465632
246224194
789889277
307391441
501372156
610800732
299451388
440676124
368355099
279332617
909476711
603420107
811228447
934358326
582822861
19258531
79713285
259947675
388261383
959281618
881837377
294012897
531394596
825090182
299112690
630314778
421182881
659591468
917736473
878536473
244071049
107478778
156979984
404174619
504283852
33465803
342469923
525496730
191366818
100808670
830066757
743983983
194673212
59027714
393604393
177081555
442082601
241257082
173373312
836736411
380901702
917042200
732589584
376030333
916266638
778987475
649145416
330435786
344424058
131467389
505373945
911733700
608531125
279528752
190241364
159879315
785657774
23076200
900711285
909317368
811938301
105787011
799573297
149388519
330421482
852952833
561078307
345764093
541539180
938495498
205554036
953709622
661523454
581334554
621967016
416984196
983579237
853699341
982567763
291944482
687434049
930851270
671898435
76474117
378445222
741137596
911582896
637292346
615474658
283240146
607610166
219422012
717846304
442627493
500857565
59541621
225958710
174848846
889211366
489397651
765268110
545355604
242441796
993675324
491398261
119684415
445914896
36262569
245385347
365559088
487695823
141986563
501978964
905839022
757783759
652657166
734612932
895987154
787365698
917757079
842656496
637599616
595320165
996309509
487403366
541660658
62802005
840273421
450293786
27033557
457769853
263801638
303736189
946049232
661906303
159423618
617121795
393139105
611775943
781550265
550804295
620161655
41892813
871904586
275888436
378560034
599146050
451783199
379020441
860285405
651636403
202260632
812596621
954208035
877576162
423043910
221185872
296818911
534447567
783830699
811377661
828342639
241772856
638847484
832447343
602821358
100341948
700651267
398744831
703906090
786108316
183407173
254620451
580692880
399029949
491644052
121938350
943465274
680262375
408346871
155463724
740302341
505030816
603585042
258681738
239352413
403150653
615600133
266983992
877301152
391263686
898128573
407033132
6894943
959885526
113933786
378794050
939418002
656911638
343226273
828636158
429927019
433070070
573341710
510172446
5968394
594013958
196634980
849622767
608402271
378143896
514326004
383919713
686962344
3217630
377165972
442638225
287516904
144708740
686769387
213206800
249370011
307514668
323723083
571181978
199548575
483673480
828923223
905823666
516745601
722732044
513665304
424982352
26670581
725982896
781589737
646173597
636733224
927701598
494495584
271262314
830114171
298891081
774691661
251496919
907979408
224426632
321737254
646504104
921223473
852939654
658461205
436991855
339784271
633635344
987022043
961253526
344307792
477192021
721026533
967619811
389498778
454384160
943169851
355142407
809693002
55689689
471554113
20383277
735169749
811408611
705222168
747391054
822131634
750337048
483210786
36478315
408004097
987415530
435744552
746547168
680232259
106304505
295542006
869234795
851394206
257559228
161822930
644271675
97201173
113148369
772418023
616461500
313336899
269359068
929063508
479246736
254016356
682838028
962443847
424686837
18045461
549237199
395382509
753792965
12290414
478186734
124005968
274638712
551558739
640785597
418308085
869434654
751566769
37742003
504830578
779825409
967366648
722386560
919416222
179808060
564644701
401196078
946221274
697064336
11829595
723186705
296760923
740157104
183226636
445846579
981260120
960516546
443668563
506982513
434968344
980514665
236594289
958396760
796699156
267559550
7123898
85474245
383254997
708321151
980050441
613719122
971762599
553826695
539640843
813794617
152002253
79103148
590716805
240366476
26981610
595555869
303464522
228779202
290828466
24908223
302276920
250082254
745366065
175486257
602846893
241738494
748302858
954661490
586996865
851964472
208795696
584205634
866468856
984384482
176808086
895445460
3773410
140131718
786815286
550207074
678940839
360759780
196545582
484733670
621156135
680056514
96905975
54008247
756101572
654978365
898487484
187781130
15445653
983230351
685711932
177767280
757863459
223346030
492194094
526638083
718652541
384492281
563193353
959388917
357662771
143736909
483461112
986904706
596922122
410241172
116270111
524517241
829657374
507743562
297569311
115014444
841678179
439529498
147499333
342980794
587254479
406491976
856039982
870272064
175847287
742099589
250535751
782777479
712745467
166553731
19684878
963131439
27527922
18222606
207263103
985367713
668524755
484688023
770455783
154054770
285394259
832249341
520883289
34796789
205886654
623477643
331742165
646536565
129413085
969724107
520572741
65325850
635695683
162871644
777587956
48739363
781118642
630632774
928919606
915389923
17174971
803315798
846077297
446400686
602712595
186058832
717081118
589562398
928596092
167614936
890012466
55618990
561870011
972384252
284241924
21514795
572604451
145589676
708626548
454123513
958368905
860136436
432540869
335674309
336398764
49850279
273139526
549239505
54084403
478032751
98753409
458944252
934383675
562998911
143439090
597275555
257204313
868086104
347531615
247572591
709280080
744355245
206039442
384271334
223254878
133453442
131397102
69821537
803787633
459053780
613261959
780265175
31986811
259990472
114653015
263031247
269841416
865530435
124479611
606634084
645144426
331236069
665864532
370752590
418404123
576728440
434387475
952472346
921490548
27701448
185981574
494017462
3439877
670724128
391916478
40466769
835050397
778069289
796528499
990926076
551424100
286295622
243450311
257642727
640377666
602599552
704350236
621965810
834187184
462894312
785212658
969851177
623672093
196892484
949792244
985209470
157787677
127070070
913907636
650079136
532078050
511475155
810817
207848883
827189671
483124213
331122084
465672756
444361157
724012870
485208630
847378230
783621066
827318422
152861264
375062218
61432881
916763401
107118716
718315018
143456445
334424023
279682053
786620828
971488446
294955299
899358596
749237577
981780250
118404563
717408746
705721104
885980174
693017084
173072949
486620838
394488122
213765792
41853272
86080829
327245426
526791228
203929633
336902842
637181333
688279630
278705982
547814767
555577702
906777101
96795719
448890996
252548164
624832356
138295068
515195305
461152206
322926999
52577155
747051427
527504206
117460010
691626974
822252463
581046588
351752951
906236507
802250287
447933214
637447927
265161606
60711985
38884708
733075287
408800526
694911167
852888783
396981933
82617731
921317895
604596138
241627313
136446622
330496916
399204239
293481585
32678860
578805138
691796973
640137057
792702748
547396936
356903454
64696390
249934240
593869816
209518244
680696829
919265651
639691133
411940968
45130678
643370552
861352851
403712162
347323400
357744815
525222279
672969304
778613872
740976519
444385200
999164053
575193929
926376681
413856928
768163883
145864886
901917880
444136908
76788091
758435021
809448400
765915510
724149628
198928293
913751795
938958236
588634291
818579275
795745691
719295368
53218710
418690433
894518956
585798497
398448198
470326954
142606327
878636417
565098123
74501420
252305394
952202188
617273914
543079474
623114384
152559302
678693012
239670627
622277551
963564511
673747142
775209177
195467185
423348020
583956421
14260107
125042391
754043747
407538780
28167640
716668036
511709498
516828041
640200967
8648130
777492944
258210388
982626773
966262732
974280904
451127188
597496027
673113609
739703321
449771215
68790245
126295297
536293024
959810264
188496067
210839692
523981826
30820336
291227601
738953098
956248209
81277382
810061732
926196503
974767903
53106095
564988485
108272908
415753013
164208898
835890873
304103130
361584839
599027384
983225660
677683166
790279133
407481642
880855054
513553749
994110276
185809665
238854119
985513489
528164674
924091543
811504268
305710819
657993693
272249226
935360796
122128842
825981861
376928475
982142229
412209656
671935635
583491434
599686279
722881181
419773088
43535418
872182604
614469266
202784138
853912835
2075469
702331303
542065037
628160613
602253892
454306660
779693528
388360152
538568171
360806997
924764371
414437397
840755310
777268195
202435345
775370010
72161906
504614804
426162243
536088147
38478505
674788335
175999111
530411603
214658421
704218198
563766205
892292766
664388055
60538862
606721975
74202292
245264724
128235568
771592875
900980731
847704930
156532602
767677656
252899720
909082223
508184753
866002711
710668082
150536231
182404203
122916502
687273313
511304840
527393508
310906885
730866408
942254853
823455530
725307305
987807934
118386276
865735380
677718109
114516504
782234647
639826190
933591606
131934772
785085699
805721338
17419582
245760732
633770580
450208511
175971647
492954577
213872254
905371220
219774759
458542963
